200 3 80
1000 1000 1000 
0 168 479 A 672 206 67 
1 601 1197 A 133 795 338 
2 1125 1222 A 70 481 1000 
3 854 1015 A 444 260 6 
4 1427 1428 A 610 644 391 
5 113 889 A 213 953 523 
6 1427 1432 A 425 141 227 
7 735 1323 A 988 972 429 
8 968 1369 A 241 61 92 
9 1432 1436 A 857 957 293 
10 865 1107 A 28 550 654 
11 485 1341 A 507 247 304 
12 832 1081 A 136 730 799 
13 787 1364 A 662 560 77 
14 478 693 A 330 124 157 
15 185 450 A 377 325 913 
16 608 1191 A 719 949 51 
17 1009 1345 A 856 869 298 
18 846 1085 A 604 173 505 
19 682 803 A 492 248 150 
20 444 828 A 884 978 729 
21 27 225 A 194 583 943 
22 1156 1172 A 210 821 213 
23 878 1397 A 684 134 741 
24 1047 1082 A 255 240 534 
25 86 257 A 41 429 951 
26 843 1070 A 159 82 176 
27 301 381 A 697 288 360 
28 100 502 A 312 78 202 
29 634 1071 A 776 962 968 
30 831 1289 A 231 820 241 
31 429 1427 A 796 918 719 
32 1067 1389 A 439 993 305 
33 876 962 A 988 125 518 
34 959 1182 A 288 427 195 
35 665 1143 A 804 841 243 
36 459 981 A 928 386 815 
37 1206 1314 A 792 442 969 
38 1239 1361 A 42 753 302 
39 491 822 A 704 683 840 
40 856 1132 A 680 413 924 
41 295 649 A 764 866 74 
42 381 1113 A 436 94 576 
43 1081 1260 A 450 855 395 
44 577 964 A 944 453 681 
45 742 918 A 648 510 703 
46 1018 1271 A 556 267 278 
47 1116 1265 A 395 345 129 
48 593 651 A 821 988 54 
49 816 1099 A 381 803 246 
50 226 1420 A 346 792 754 
51 92 817 A 505 666 225 
52 1232 1331 A 754 359 90 
53 1298 1329 A 635 850 511 
54 642 1272 A 658 471 2 
55 56 667 A 687 490 976 
56 357 1185 A 322 599 726 
57 129 1405 A 877 894 75 
58 373 1268 A 548 938 611 
59 1395 1438 A 148 537 19 
60 1337 1422 A 629 555 406 
61 374 1360 A 57 666 34 
62 83 1017 A 410 801 544 
63 441 528 A 876 595 90 
64 1114 1232 A 334 666 36 
65 997 1426 A 773 567 113 
66 197 788 A 964 348 219 
67 815 945 A 444 288 360 
68 795 1427 A 478 76 2 
69 733 1431 A 692 287 249 
70 313 1103 A 187 943 150 
71 313 815 A 967 605 856 
72 1365 1420 A 521 425 164 
73 187 643 A 671 433 483 
74 79 793 A 776 324 29 
75 613 1085 A 702 514 179 
76 204 1424 A 91 194 832 
77 1127 1353 A 503 25 575 
78 749 1310 A 351 890 292 
79 598 1340 A 789 585 85 
80 592 921 B 917 859 90 
81 785 1356 B 247 339 93 
82 437 1324 B 566 988 633 
83 1355 1410 B 393 919 165 
84 701 1025 B 714 611 296 
85 261 332 B 511 219 20 
86 16 821 B 236 318 422 
87 1423 1425 B 799 186 795 
88 705 1382 B 617 620 15 
89 842 1423 B 347 180 262 
90 775 935 B 8 185 940 
91 1434 1438 B 391 943 5 
92 730 1027 B 597 772 39 
93 954 1037 B 275 202 757 
94 78 746 B 735 207 895 
95 1061 1314 B 445 742 619 
96 185 584 B 417 68 922 
97 58 343 B 477 270 704 
98 1373 1418 B 480 961 337 
99 812 1194 B 649 404 993 
100 999 1226 B 145 855 612 
101 89 369 B 469 342 111 
102 1244 1438 B 87 588 46 
103 220 1220 B 821 605 747 
104 962 1089 B 670 451 463 
105 518 836 B 181 54 885 
106 794 820 B 884 154 668 
107 893 1397 B 260 884 363 
108 1188 1301 B 626 652 70 
109 523 694 B 232 119 835 
110 378 1376 B 919 117 788 
111 634 1094 B 459 400 527 
112 800 970 B 636 614 426 
113 1159 1370 B 217 529 513 
114 810 818 B 475 255 113 
115 588 803 B 424 940 519 
116 9 66 B 632 858 270 
117 616 961 B 977 712 368 
118 722 1108 B 876 454 627 
119 325 1248 B 96 315 283 
120 784 1170 B 198 625 788 
121 229 1150 B 342 224 908 
122 613 1020 B 461 292 288 
123 1112 1257 B 261 294 433 
124 362 458 B 661 412 315 
125 730 746 B 528 855 446 
126 1110 1274 B 146 363 848 
127 550 1214 B 901 835 357 
128 876 1363 B 403 805 917 
129 542 1084 B 254 61 630 
130 1257 1386 B 671 814 891 
131 37 344 B 822 291 793 
132 403 829 B 292 494 432 
133 1119 1316 B 534 834 934 
134 1189 1198 B 563 555 625 
135 586 1035 B 342 503 469 
136 740 1294 B 924 192 240 
137 1374 1428 B 218 748 891 
138 99 1389 B 668 253 262 
139 374 940 B 96 849 633 
140 493 560 B 579 215 495 
141 453 1042 B 678 394 421 
142 230 739 B 416 687 680 
143 1341 1392 B 281 107 445 
144 678 1139 B 300 185 579 
145 325 1030 B 575 347 846 
146 615 923 B 29 620 254 
147 274 720 B 857 237 115 
148 823 1368 B 817 222 514 
149 1198 1313 B 790 972 840 
150 363 430 B 949 18 326 
151 463 731 B 318 648 819 
152 118 151 B 502 810 963 
153 38 420 B 987 745 312 
154 211 419 B 305 237 882 
155 992 1272 B 667 889 932 
156 1133 1168 B 272 463 900 
157 107 608 B 885 555 903 
158 1166 1383 B 977 624 920 
159 1168 1434 B 350 68 956 
160 1174 1306 B 466 599 267 
161 1252 1399 B 118 194 272 
162 815 1044 B 557 447 301 
163 845 1089 B 824 23 157 
164 772 972 B 268 365 875 
165 1250 1289 B 652 535 540 
166 311 576 B 619 737 733 
167 1173 1317 B 574 160 896 
168 351 1265 B 896 131 877 
169 1269 1274 B 499 120 426 
170 1423 1438 B 629 250 185 
171 547 753 B 53 740 999 
172 459 829 B 25 327 720 
173 266 728 B 223 824 3 
174 180 826 B 765 341 413 
175 1235 1307 B 59 93 243 
176 773 1182 B 594 440 95 
177 1281 1362 B 126 963 602 
178 78 1251 B 448 830 885 
179 1041 1147 B 393 718 828 
180 107 883 B 945 437 413 
181 555 786 B 570 451 689 
182 511 1024 B 268 110 162 
183 1216 1293 B 485 781 167 
184 1303 1364 B 557 725 303 
185 289 1028 B 229 865 839 
186 884 1280 B 151 505 111 
187 839 1011 B 300 206 787 
188 583 1235 B 643 794 638 
189 225 1102 B 710 531 190 
190 1275 1307 B 590 627 99 
191 1111 1437 B 118 616 284 
192 412 1197 B 848 678 551 
193 962 1154 B 864 598 873 
194 1393 1414 B 814 768 450 
195 824 915 B 586 542 73 
196 1212 1273 B 452 25 913 
197 855 1162 B 123 953 476 
198 23 1315 B 474 697 908 
199 1106 1303 B 457 19 882 